       4756.5191      0.99308955      0.85111971
       4756.6100      0.99308459      0.85712416
       4765.7702      0.99248680      0.86223926
       4774.9288      0.99171951      0.86724316
       4781.7796      0.99105585      0.86980076
       4786.3530      0.99057834      0.87191354
       4797.7520      0.98929989      0.87491601
       4811.4149      0.98767941      0.87747376
       4829.6344      0.98538641      0.88103235
       4841.0367      0.98366905      0.88425721
       4861.5505      0.97984938      0.88937255
       4868.4148      0.97833248      0.89281970
       4882.1181      0.97477179      0.89804609
       4886.6983      0.97337140      0.90060364
       4895.8316      0.97017941      0.90393965
       4902.6891      0.96737725      0.90694202
       4907.2608      0.96503630      0.90894360
       4911.8359      0.96207052      0.91116757
       4918.6834      0.95690647      0.91350278
       4927.8116      0.94946324      0.91650521
       4932.3901      0.94530623      0.91895156
       4943.7891      0.93406109      0.92195404
       4955.1897      0.92175520      0.92506770
       4964.3129      0.91124603      0.92773654
       4980.2533      0.89177169      0.93073912
       4991.6405      0.87768732      0.93296323
       5005.3017      0.86249181      0.93540979
       5023.5145      0.84736052      0.93852360
       5041.7155      0.83997866      0.94085906
       5053.1010      0.84020089      0.94297199
       5078.1393      0.84274956      0.94697550
       5089.5198      0.84562637      0.94875484
       5105.4517      0.85175460      0.95120144
       5121.3770      0.85680426      0.95320327
       5132.7541      0.86061462      0.95476023
       5148.6759      0.86369221      0.95653967
       5164.5927      0.86509285      0.95798554
       5185.0493      0.86506554      0.95932030
       5203.2267      0.86338041      0.96009905
       5225.9321      0.86001028      0.95998836
       5244.0876      0.85737600      0.95932159
       5257.6983      0.85458077      0.95843234
       5273.5697      0.85143192      0.95687598
       5291.7017      0.84820292      0.95465250
       5300.7592      0.84649757      0.95298480
       5314.3582      0.84507018      0.95131719
       5321.1468      0.84471025      0.94976063
       5330.2043      0.84464107      0.94809293
       5339.2585      0.84500646      0.94620284
       5350.5717      0.84607899      0.94353444
       5359.6259      0.84778066      0.94164435
       5368.6801      0.84908069      0.93975426
       5384.5279      0.85213403      0.93664118
       5395.8460      0.85492724      0.93430637
       5411.7124      0.85838425      0.93241642
       5427.5888      0.86243786      0.93119364
       5441.2079      0.86677827      0.93086036
       5463.9301      0.87324347      0.93186160
       5477.5746      0.87603086      0.93319621
       5491.2257      0.87871175      0.93497561
       5502.6028      0.88105359      0.93653256
       5520.8055      0.88482766      0.93897922
       5532.1910      0.88647099      0.94109214
       5545.8388      0.88803463      0.94264915
       5564.0347      0.88986670      0.94465103
       5577.6774      0.89084728      0.94587445
       5600.4064      0.89100719      0.94732046
       5627.6582      0.89099276      0.94754345
       5648.0895      0.88995000      0.94721031
       5668.5090      0.88827681      0.94609882
       5686.6561      0.88653223      0.94487609
       5702.5241      0.88475547      0.94309734
       5718.3938      0.88280881      0.94142978
       5731.9927      0.88093474      0.93976218
       5745.5917      0.87878176      0.93809457
       5759.1856      0.87630711      0.93609338
       5772.7829      0.87380963      0.93431459
       5788.6459      0.87086785      0.93220226
       5802.2432      0.86839522      0.93042346
       5818.1129      0.86557810      0.92875590
       5836.2600      0.86266717      0.92753317
       5854.4138      0.85987725      0.92675521
       5870.3054      0.85729862      0.92653317
       5893.0175      0.85459831      0.92686724
       5915.7414      0.85254006      0.92797967
       5924.8360      0.85175569      0.92875823
       5938.4720      0.85069492      0.92953688
       5947.5682      0.85017801      0.93042662
       5961.2093      0.84978257      0.93153886
       5977.1211      0.84952331      0.93265114
       5995.3052      0.84915160      0.93387466
       6013.4843      0.84856875      0.93476461
       6024.8547      0.84822543      0.93587679
       6040.7614      0.84786180      0.93665549
       6056.6681      0.84752794      0.93743419
       6074.8405      0.84710376      0.93787936
       6095.2852      0.84661762      0.93843578
       6117.9939      0.84608871      0.93854746
       6136.1596      0.84564752      0.93854786
       6161.1340      0.84503824      0.93832602
       6183.8359      0.84423270      0.93799293
       6208.8086      0.84280487      0.93765990
       6240.5850      0.84139561      0.93677104
       6265.5577      0.84035331      0.93643801
       6288.2547      0.83932556      0.93577134
       6308.6876      0.83841661      0.93554940
       6342.7415      0.83741007      0.93510537
       6374.5246      0.83741007      0.93466129
       6415.3956      0.83904214      0.93455098
       6456.2632      0.84087666      0.93421829
       6488.0497      0.84252617      0.93399660
       6510.7534      0.84440055      0.93377471
       6535.7261      0.84653635      0.93344167
       6558.4264      0.84869069      0.93299739
       6581.1334      0.85114624      0.93299789
       6601.5647      0.85322650      0.93266475
       6619.7270      0.85492849      0.93244276
       6640.1600      0.85652434      0.93222082
       6676.4862      0.85942519      0.93188803
       6703.7380      0.86136244      0.93211101
       6726.4484      0.86226084      0.93233390
       6749.1588      0.86300343      0.93255678
       6767.3312      0.86370620      0.93300195
       6785.5036      0.86427879      0.93344712
       6801.4069      0.86438849      0.93400343
       6819.5809      0.86438849      0.93455980
       6842.3015      0.86438849      0.93544984
       6869.5667      0.86415887      0.93656237
       6892.2872      0.86371169      0.93745241
       6912.7354      0.86326253      0.93823121
       6935.4559      0.86262213      0.93912125
       6962.7212      0.86166705      0.94023378
       6987.7107      0.86055708      0.94101268
       7010.4295      0.85949828      0.94179153
       7039.9588      0.85807809      0.94245934
       7067.2140      0.85708954      0.94290471
       7101.2829      0.85596091      0.94346142
       7137.6193      0.85444937      0.94379579
       7173.9505      0.85431655      0.94379658
       7203.4697      0.85431655      0.94379722
       7237.5218      0.85439977      0.94324200
       7276.1154      0.85474172      0.94268687
       7307.8935      0.85604145      0.94190921
       7330.5938      0.85670948      0.94146493
       7362.3718      0.85724384      0.94068727
       7387.3361      0.85778477      0.93979827
       7416.8368      0.85872491      0.93857578
       7446.3408      0.85951980      0.93757568
       7466.7653      0.86000223      0.93679778
       7484.9158      0.86032939      0.93579743
       7503.0680      0.86043165      0.93490828
       7530.3013      0.86043165      0.93390813
       7550.7225      0.86043168      0.93290783
       7582.4888      0.86089876      0.93135182
       7605.1739      0.86115021      0.92990680
       7634.6746      0.86085252      0.92868431
       7661.9028      0.86039219      0.92735058
       7691.3984      0.85983246      0.92579452
       7727.7111      0.85896705      0.92457218
       7752.6704      0.85823987      0.92334960
       7784.4451      0.85721711      0.92234955
       7825.2976      0.85587621      0.92101612
       7859.3497      0.85478784      0.92046089
       7891.1312      0.85370740      0.91990562
       7916.1055      0.85309818      0.91968378
       7945.6230      0.85246097      0.91957323
       7975.1405      0.85172796      0.91946268
       7997.8492      0.85126223      0.91957437
       8047.8047      0.85071942      0.91957545
       8079.5929      0.85071942      0.91946495
       8113.6551      0.85094453      0.91957689
       8152.2588      0.85123077      0.91968893
       8181.7796      0.85144354      0.91980076
       8209.0297      0.85182846      0.91991255
       8240.8230      0.85231483      0.92013563
       8261.2627      0.85258211      0.92035846
       8286.2438      0.85299854      0.92058139
       8315.7680      0.85374356      0.92091562
       8347.5612      0.85500943      0.92113870
       8368.0060      0.85538530      0.92169511
       8388.4524      0.85517492      0.92236272
       8411.1746      0.85503597      0.92336396
       8440.7106      0.85503597      0.92447653
       8472.5240      0.85452095      0.92603394
       8497.5186      0.85360889      0.92714642
       8520.2458      0.85265557      0.92848123
       8538.4300      0.85178870      0.92970476
       8561.1555      0.85031761      0.93092838
       8592.9521      0.84676128      0.93137385
       8624.7571      0.84244613      0.93237528
       8645.2086      0.83947991      0.93337647
       8663.3911      0.83687012      0.93448880
       8681.5752      0.83555347      0.93571233
       8695.2146      0.83441214      0.93671337
       8713.3971      0.83198797      0.93782570
       8736.1260      0.82889236      0.93927171
       8752.0378      0.82628899      0.94038399
       8770.2135      0.82273377      0.94105155
       8790.6616      0.81916957      0.94183035
       8813.3855      0.81430479      0.94294278
       8829.2939      0.81131788      0.94383267
       8847.4696      0.80525970      0.94450023
       8870.1885      0.80137935      0.94527908
       8888.3659      0.79703999      0.94605783
       8913.3537      0.78900590      0.94672553
       8938.3399      0.77891092      0.94728205
       8961.0486      0.77083209      0.94739373
       8990.5678      0.75908099      0.94739438
       9008.7283      0.75007846      0.94706119
       9040.5132      0.73313014      0.94672831
       9060.9428      0.72226201      0.94628398
       9081.3707      0.70796153      0.94572846
       9097.2572      0.69687158      0.94517284
       9119.9508      0.67836665      0.94428378
       9140.3703      0.66332067      0.94317229
       9163.0571      0.64580120      0.94183847
       9183.4682      0.62241467      0.94017101
       9197.0773      0.60884994      0.93917056
